105
880
236
796
689
238
446
123
371
229
69
642
633
282
506
280
983
464
18
303
271
999
537
343
207
275
490
815
264
161
788
792
312
813
527
866
347
890
480
444
957
90
1
597
363
295
580
576
506
928
129
664
872
128
70
920
378
556
559
998
694
156
910
665
482
747
844
601
84
234
265
254
595
74
793
955
702
569
592
508
228
239
830
478
675
56
126
78
885
589
932
428
528
967
398
833
661
267
324
16
972
709
834
969
157
758
838
499
490
631
77
819
267
923
427
720
786
823
402
849
824
510
322
929
792
875
298
41
579
613
743
975
683
490
83
238
196
605
399
790
471
282
132
949
961
397
165
374
675
277
921
193
508
342
617
331
644
431
221
424
946
841
52
350
721
562
395
100
14
969
917
467
453
290
340
571
860
892
935
737
880
698
428
767
927
231
808
780
542
621
29
350
924
431
539
94
654
573
875
291
364
552
7
482
308
695
614
444
502
834
495
647
536
405
227
618
827
439
296
268
541
3
611
812
120
678
741
470
418
675
258
708
447
643
622
27
508
505
817
560
870
461
781
259
611
687
109
258
630
119
656
793
297
802
646
33
125
536
226
54
14
827
697
942
909
954
658
679
358
695
142
608
627
902
138
570
136
568
426
128
514
471
337
669
761
282
535
629
749
307
809
663
40
655
439
281
152
13
650
21
296
51
805
434
423
869
245
822
281
576
788
59
797
118
426
287
23
443
5
681
479
648
643
264
930
53
221
406
22
772
7
949
756
19
973
49
889
498
264
334
741
974
824
115
321
806
956
48
234
20
41
428
787
870
288
65
946
422
803
692
281
998
80
440
840
624
446
154
105
741
456
507
348
300
193
753
605
629
63
967
610
719
650
270
593
639
247
587
186
898
504
979
744
348
326
245
182
322
210
383
63
205
727
980
231
520
573
124
152
268
58
300
503
282
97
303
801
433
128
661
344
584
132
732
835
830
608
428
548
72
806
63
43
83
389
777
116
411
900
540
684
595
126
919
794
422
438
88
995
925
180
199
182
626
753
109
266
108
735
598
236
340
573
451
237
455
698
162
332
949
439
545
64
530
858
473
497
819
520
808
975
371
59
354
827
598
756
969
661
430
851
442
909
324
565
193
54
521
477
248
39
846
406
308
212
649
23
385
693
192
680
111
294
379
132
661
470
117
24
861
396
395
43
192
599
961
166
403
884
65
494
922
462
853
576
692
192
879
492
927
527
231
277
574
182
213
800
664
137
535
459
963
527
29
504
624
866
691
17
121
800
527
926
152
423
155
517
490
52
501
314
916
509
590
232
932
784
952
710
452
451
171
757
914
326
170
369
595
870
689
246
546
859
698
589
683
579
976
287
957
288
219
177
479
752
966
184
618
69
869
615
191
100
619
103
51
281
779
647
736
139
869
308
342
563
259
402
338
955
508
731
205
149
785
176
752
897
255
102
222
843
516
906
364
908
437
241
100
96
471
753
224
497
645
916
565
402
938
766
485
102
679
724
114
793
607
47
488
719
392
210
570
972
869
152
224
459
922
938
487
692
448
512
850
136
938
269
967
542
423
416
37
707
456
392
421
365
212
167
214
825
747
219
342
230
488
561
341
10
642
450
332
899
796
851
414
312
868
896
229
369
217
497
217
756
473
887
325
226
713
88
770
121
726
401
216
611
356
980
130
807
901
827
913
606
420
643
492
649
59
44
727
482
177
560
329
368
936
690
954
414
646
233
773
646
706
53
730
322
506
898
247
771
971
675
208
310
184
168
45
300
942
290
995
464
816
334
454
191
718
233
133
955
595
667
686
504
567
495
187
787
626
978
429
351
395
786
585
25
464
41
40
783
846
698
499
349
996
883
982
8
731
739
77
855
800
398
517
631
693
535
980
645
756
525
723
129
686
585
874
985
596
359
221
987
140
355
630
80
701
982
852
901
622
993
930
804
388
537
50
795
667
539
500
218
824
714
489
451
628
447
605
333
963
785
949
97
694
141
245
889
269
511
77
317
545
266
837
937
73
604
382
364
347
902
531
809
342
666
632
331
437
774
697
733
606
696
359
128
116
194
823
688
922
760
451
1
850
87
29
141
917
296
224
538
323
270
553
706
477
605
599
83
905
523
999
528
917
571
363
463
216
439
844
69
238
190
845
599
162
79
970
986
409
413
761
581
460
315
207
109
982
930
150
81
487
912
822
512
176
67
490
784
840
295
876
376
679
372
907
520
841
819
52
255
853
698
255
893
54
735
596
971
729
913
126
71
680
181
870
