460
247
480
43
906
573
736
24
634
526
48
134
308
518
443
828
716
440
0
52
170
440
15
985
922
246
772
374
628
484
825
80
364
113
513
334
172
967
994
711
617
250
602
261
572
491
574
545
49
716
111
40
941
692
902
564
811
644
824
822
160
331
133
242
896
184
742
59
296
78
326
130
782
141
595
409
750
398
165
380
454
111
926
882
100
848
161
687
239
389
800
710
907
693
185
151
712
146
921
923
357
234
780
631
802
837
691
704
651
544
887
668
44
946
517
858
841
453
587
170
716
831
602
823
709
777
548
988
685
112
439
941
195
962
659
192
795
171
729
820
148
505
973
209
681
821
597
720
722
555
762
755
972
211
6
256
702
761
814
867
133
313
331
442
554
296
292
789
635
23
190
741
408
593
910
195
910
63
286
836
137
706
758
348
717
353
197
650
390
859
369
595
593
335
267
65
475
2
262
788
104
393
193
297
270
623
979
51
491
50
343
119
309
889
208
781
113
968
231
956
645
488
386
140
50
112
863
458
596
121
482
487
972
704
35
562
336
149
179
56
401
276
169
25
525
897
232
580
534
354
107
438
99
799
764
935
470
701
72
885
158
660
815
645
221
430
115
455
341
689
376
490
830
126
571
320
443
490
509
971
806
461
698
136
289
218
724
571
271
814
558
387
697
133
222
415
53
697
546
441
317
804
615
258
420
336
766
318
782
396
976
801
736
362
283
939
45
671
981
32
83
747
320
315
118
18
615
644
347
522
776
295
895
254
506
495
793
529
609
410
630
151
824
383
812
945
15
742
801
520
269
303
988
916
303
797
923
300
233
876
967
969
428
569
77
302
449
729
255
451
829
997
603
187
38
492
274
522
989
521
51
931
116
759
280
856
322
810
914
235
573
280
993
525
535
895
158
486
867
185
93
660
866
326
453
511
393
760
274
988
406
333
197
504
75
936
241
224
138
873
489
279
154
254
721
800
0
450
35
772
137
246
811
373
727
189
532
100
154
52
716
361
642
473
629
649
186
602
830
28
78
514
650
159
753
897
359
216
904
489
434
937
267
992
592
462
901
922
952
898
609
390
184
311
712
853
645
972
584
150
991
932
183
646
228
573
937
390
635
622
198
277
684
957
448
199
606
79
443
942
729
353
373
496
14
559
40
162
604
819
822
204
348
416
133
420
118
719
299
223
957
450
11
693
409
311
200
36
468
800
890
672
944
184
15
18
454
248
923
398
698
804
83
10
509
615
247
68
586
534
454
203
718
20
110
89
370
449
532
902
778
552
113
384
507
313
662
995
737
108
833
108
950
512
272
50
66
787
485
134
959
226
275
370
988
235
137
201
157
625
244
54
585
152
161
895
932
930
467
931
77
521
882
145
986
262
549
195
523
2
449
939
165
203
194
461
56
656
905
542
891
760
159
979
151
0
954
564
561
196
605
26
603
457
588
679
261
416
401
781
368
757
680
650
196
376
362
603
963
195
640
167
597
582
126
93
653
384
355
63
36
543
509
873
196
234
578
189
63
764
36
537
306
899
829
444
644
930
260
620
891
348
670
676
594
251
248
740
323
712
100
609
899
603
403
759
414
596
418
164
513
371
455
886
487
862
718
344
701
17
87
497
314
803
34
517
569
966
190
657
770
743
566
497
992
47
766
900
571
337
84
938
329
805
450
949
48
732
275
150
624
757
372
449
79
296
109
915
508
897
336
579
352
590
769
567
986
516
870
441
890
440
658
162
296
370
68
4
806
718
141
206
267
542
130
316
321
218
447
638
762
714
397
98
878
557
436
436
152
387
245
220
579
936
161
489
566
569
382
29
559
380
828
705
319
267
170
403
90
546
7
300
747
58
574
271
373
460
864
567
596
769
208
240
829
514
956
193
588
948
488
392
557
862
951
614
533
798
788
405
417
144
389
759
479
376
90
849
76
307
293
200
253
49
106
426
746
214
880
553
944
785
505
923
30
500
607
445
795
501
607
250
550
764
602
718
805
14
729
744
674
457
602
655
659
346
769
404
185
732
344
393
748
329
345
152
892
677
227
791
523
481
740
258
649
742
758
962
408
122
997
797
841
624
311
261
414
747
589
957
450
811
234
154
246
868
641
230
270
434
652
787
499
346
322
678
162
301
680
514
565
590
724
774
160
406
349
961
486
845
983
566
61
620
6
283
984
121
121
542
508
163
897
113
109
903
514
221
913
250
297
478
389
272
462
142
735
988
52
708
139
968
855
638
218
912
61
540
873
82
232
631
934
376
851
298
799
770
267
992
782
53
944
806
56
529
324
754
350
442
859
765
238
716
436
509
106
324
207
997
656
13
215
969
324
473
578
341
83
761
790
789
25
294
134
923
342
992
678
468
5
727
923
476
13
657
678
443
659
619
355
271
375
843
565
188
366
669
245
394
608
429
314
111
651
373
483
636
624
727
451
995
148
389
500
729
993
862
327
633
190
140
362
522
973
76
107
385
804
606
964
82
318
366
864
843
882
345
782
529
340
68
523
512
211
858
252
189
539
604
917
430
299
886
955
756
154
648
849
583
990
738
721
643
293
827
720
571
391
156
463
963
532
624
872
889
74
919
486
599
145
195
240
186
499
442
271
759
526
534
662
199
564
946
905
328
605
646
417
574
299
796
368
377
70
971
191
625
601
708
448
783
837
451
113
342
516
816
86
626
993
911
906
880
846
693
551
230
534
853
52
60
708
218
974
523
660
885
739
445
800
552
723
574
5
620
375
569
832
296
351
229
291
228
662
666
373
29
97
455
584
449
976
398
172
653
172
466
604
717
794
7
968
293
70
115
875
989
891
699
838
362
354
521
292
898
642
525
895
192
623
186
163
474
334
115
458
759
719
277
272
484
356
126
79
961
426
630
502
584
549
797
677
77
864
533
397
844
973
890
845
239
386
687
512
704
989
739
781
774
786
876
631
475
522
778
327
941
62
119
774
627
260
14
407
627
985
306
604
489
880
584
176
346
978
231
165
114
134
422
111
827
483
496
481
16
876
404
582
201
963
431
179
919
729
502
67
82
764
958
514
992
75
895
982
577
470
169
795
721
217
13
95
166
258
607
222
331
257
371
470
132
216
421
268
923
379
573
449
331
586
155
328
482
60
504
113
580
271
397
603
509
477
519
61
623
736
836
550
990
298
975
829
944
86
26
963
377
731
468
489
453
546
873
540
359
598
786
632
426
196
124
691
198
875
181
857
686
949
508
297
455
422
673
645
499
477
957
247
519
25
354
875
578
381
398
248
759
7
813
283
236
238
101
693
780
698
94
11
194
800
337
359
0
310
615
957
478
164
774
169
558
524
96
743
720
163
796
146
786
560
585
561
322
28
928
840
215
723
586
499
108
370
810
696
631
897
884
181
753
868
581
911
206
52
949
677
784
443
211
532
583
624
495
876
276
71
446
499
966
517
681
49
741
611
191
404
324
680
485
253
476
180
491
954
911
922
865
781
794
646
97
229
495
824
398
619
882
279
574
32
466
441
260
837
522
649
593
107
793
643
588
557
991
101
231
378
625
238
28
535
590
299
456
197
602
271
79
166
739
507
312
470
651
342
202
952
542
487
671
798
789
561
592
389
225
502
306
864
803
127
711
171
436
875
63
227
792
638
249
573
873
947
437
909
497
94
780
0
704
299
626
835
495
235
290
333
227
200
762
922
102
974
185
906
947
253
543
177
617
84
780
880
122
201
35
973
876
358
960
38
567
134
200
340
904
488
632
117
165
882
729
362
218
723
114
634
324
418
63
502
900
866
240
40
447
578
741
958
3
824
872
803
508
447
219
567
672
169
37
221
559
110
879
358
279
804
627
469
191
297
567
490
971
424
894
291
463
961
32
456
760
436
876
781
95
102
51
606
31
381
614
342
817
153
194
688
221
908
243
969
988
691
847
30
660
525
397
18
604
404
630
355
65
697
186
910
944
605
606
375
876
21
101
854
698
389
436
958
947
817
946
448
43
808
472
304
232
194
101
590
724
139
870
215
806
832
252
573
326
866
646
628
144
241
697
350
851
602
212
74
331
268
113
897
803
727
321
633
759
478
823
357
728
503
96
124
377
625
681
369
635
669
170
716
276
752
530
407
276
215
139
75
747
556
815
755
837
473
819
401
280
218
2
353
480
776
965
3
905
883
10
116
77
207
795
287
141
754
657
47
325
829
912
297
612
2
588
216
65
941
468
57
805
741
542
824
356
341
980
370
253
670
470
845
53
616
376
893
654
472
829
976
6
148
307
676
5
181
361
151
295
668
550
183
380
168
508
236
924
527
654
115
558
75
453
268
778
367
385
846
230
922
190
185
143
51
341
516
48
926
220
648
687
597
193
661
486
411
659
267
103
765
809
652
388
978
280
617
358
340
70
826
484
143
580
41
751
594
412
417
595
164
488
11
753
849
763
201
178
637
683
815
166
664
583
535
119
282
733
268
247
361
224
649
537
664
768
434
127
170
162
811
240
8
874
760
428
648
478
885
410
271
197
223
737
703
423
610
94
380
759
117
23
123
718
123
781
109
986
931
991
115
543
498
76
666
556
863
697
393
633
88
941
528
976
283
864
307
322
327
627
223
691
204
148
429
969
960
808
285
856
84
415
404
354
342
170
833
333
504
200
356
997
89
266
417
260
771
411
772
583
733
68
20
99
625
671
557
703
936
250
328
932
357
590
422
171
40
89
462
5
316
697
755
721
162
82
433
449
911
361
265
822
940
202
3
710
84
295
123
427
428
402
399
693
502
830
888
114
654
672
64
997
681
299
139
733
482
893
865
872
911
356
666
664
428
621
195
180
574
78
688
490
106
906
146
852
415
29
771
384
545
193
176
428
896
472
543
506
57
866
256
784
427
618
425
348
740
348
108
94
997
890
148
254
548
64
544
975
744
508
607
956
442
730
821
115
10
102
797
591
191
747
479
138
795
492
467
890
487
449
583
731
243
564
110
158
320
221
58
96
817
403
875
118
367
795
584
264
749
126
981
548
324
942
590
812
104
441
59
618
410
954
412
299
414
748
55
722
432
152
407
711
947
273
160
7
482
174
537
317
827
904
744
785
424
900
508
81
888
819
407
637
782
632
482
631
64
674
102
474
650
211
872
171
660
960
525
998
242
922
311
106
634
611
910
23
363
573
874
446
900
560
55
666
779
755
402
326
191
765
548
23
344
412
989
60
397
30
67
547
470
526
794
157
548
849
246
757
542
345
351
805
573
721
796
665
337
99
804
608
317
263
560
521
249
812
85
122
887
564
897
959
288
747
899
160
160
32
88
27
959
408
396
517
89
14
454
675
297
407
647
630
337
294
947
198
165
203
209
798
1
66
928
8
183
81
794
498
278
465
486
722
983
385
720
334
850
735
100
815
793
161
611
7
667
339
461
528
724
345
504
455
594
160
551
89
475
528
207
252
621
340
590
505
279
709
596
473
398
532
143
214
562
879
937
515
171
998
957
134
158
502
602
853
508
821
495
135
316
591
120
125
431
433
496
352
109
244
16
772
567
708
166
846
173
282
585
90
161
990
700
113
763
209
393
984
262
146
664
860
690
975
776
821
395
639
405
16
339
126
299
842
868
920
394
465
792
593
74
133
933
925
129
640
435
203
555
1
359
583
369
823
181
657
205
436
881
744
692
864
663
994
485
144
493
944
690
134
885
774
485
435
231
761
557
971
902
724
560
216
985
468
795
129
669
579
231
227
474
882
374
272
75
690
176
608
154
140
863
462
283
287
81
21
247
43
167
138
260
516
369
635
539
257
301
120
171
725
400
913
276
310
107
929
702
92
993
553
243
292
289
904
418
566
991
306
157
739
624
486
365
827
734
964
941
758
120
62
997
281
581
143
768
172
722
834
504
49
51
300
600
767
55
924
17
81
63
402
817
401
159
670
746
336
430
298
487
666
659
923
596
933
905
723
718
195
156
531
737
377
788
24
817
55
121
531
178
736
168
813
604
932
181
122
457
301
257
966
993
494
199
285
945
107
753
159
39
228
56
644
793
700
364
133
630
762
625
116
828
245
738
276
268
661
506
123
156
640
41
150
723
946
427
742
154
497
536
883
393
8
639
574
360
73
500
659
63
849
572
775
191
983
695
918
851
732
357
496
97
314
859
804
854
774
208
734
865
232
220
253
662
621
601
32
726
826
172
635
52
163
613
988
395
901
980
331
71
409
63
73
370
18
586
736
616
154
742
243
852
479
493
791
636
44
973
43
779
485
147
484
750
442
570
476
97
616
332
500
98
844
663
303
893
954
116
217
618
845
940
263
725
912
372
713
629
836
195
942
703
155
914
790
291
468
907
342
87
552
508
872
82
77
534
409
652
752
601
447
989
728
819
170
923
401
129
697
631
215
420
609
586
603
824
602
260
218
729
163
918
332
527
287
857
195
228
927
998
621
754
786
999
803
338
346
182
91
755
281
620
211
600
700
276
871
414
895
922
716
780
361
582
86
195
817
774
711
704
705
115
433
7
59
210
190
794
721
605
94
107
0
483
49
398
488
758
733
779
37
291
178
979
674
296
444
576
159
329
489
794
600
251
868
119
481
324
129
195
534
666
26
992
15
860
465
887
252
846
470
576
861
601
636
119
846
714
7
527
473
770
745
275
84
254
806
571
732
567
212
652
874
132
774
547
717
607
923
475
352
654
98
413
894
763
241
167
3
254
647
392
77
25
351
27
403
572
630
170
420
74
918
453
836
835
660
859
122
260
934
281
925
428
601
225
288
905
34
964
747
698
204
842
757
774
762
337
351
717
229
213
778
964
848
759
60
511
42
113
247
571
899
297
186
250
771
204
428
138
407
757
294
432
22
270
920
377
555
902
567
801
459
19
37
575
186
906
34
657
249
981
194
812
339
388
895
727
63
567
857
24
872
435
866
135
412
395
206
410
426
825
699
768
448
933
822
922
4
101
791
671
113
158
837
863
123
130
893
370
975
554
279
802
61
830
769
86
727
890
648
665
959
83
708
626
292
859
452
541
261
729
138
250
969
133
672
660
14
202
259
989
969
661
630
0
957
341
850
935
287
523
509
150
322
60
633
752
822
420
407
112
735
813
731
691
123
881
658
284
123
925
457
991
13
174
703
754
202
848
806
625
612
549
910
322
802
547
291
584
143
801
863
67
392
250
467
120
613
939
147
565
681
794
959
384
349
408
289
256
18
569
804
468
798
480
201
619
345
976
576
932
96
441
693
287
713
112
625
730
520
98
955
17
41
714
782
472
648
465
805
611
750
893
628
72
372
158
664
395
477
188
930
898
486
573
392
866
906
110
493
82
588
943
59
902
675
924
789
695
853
170
897
137
861
623
374
181
599
372
971
520
847
663
336
956
396
148
457
349
226
133
904
335
136
778
130
166
175
378
621
789
413
906
839
371
705
429
147
67
551
13
24
780
222
520
91
872
105
983
6
264
587
404
769
176
686
2
0
967
717
665
229
90
744
849
903
298
448
927
130
139
964
686
121
709
724
288
570
552
932
78
857
588
947
860
312
431
724
735
198
915
900
483
109
535
534
897
448
884
683
302
820
635
846
794
486
293
895
671
157
195
166
528
522
511
995
540
302
987
547
659
178
601
910
240
837
354
438
272
601
315
586
986
255
324
477
527
805
195
328
708
549
369
599
149
439
907
931
661
282
564
883
939
559
832
281
447
766
916
850
918
885
685
221
210
21
647
104
797
160
63
503
383
57
938
991
550
442
166
379
78
412
250
732
538
650
98
438
25
559
886
432
108
209
844
4
687
550
802
944
613
326
296
556
321
233
902
373
363
595
826
314
288
324
429
829
438
461
638
692
301
960
294
49
601
487
854
702
0
512
126
485
935
8
440
439
554
173
789
747
243
352
942
601
427
803
85
880
415
391
836
173
244
722
470
373
950
23
461
508
838
197
788
951
818
605
22
991
985
358
263
615
639
867
250
920
574
336
802
395
966
305
364
431
462
444
645
507
195
815
160
894
600
901
251
69
271
677
787
174
695
739
820
986
487
219
701
375
681
564
228
551
915
226
574
835
970
270
42
61
703
489
359
292
559
998
346
537
630
712
461
298
635
885
484
836
514
417
465
654
806
597
379
332
341
874
267
641
193
121
791
145
331
436
218
182
395
410
507
553
717
127
685
331
934
602
951
877
472
628
389
333
483
165
799
153
580
361
689
225
194
531
851
608
958
673
577
699
891
136
461
54
151
801
83
59
592
316
446
860
138
252
841
571
584
4
937
472
994
32
609
851
446
511
246
802
257
143
260
333
543
953
304
480
802
238
264
921
784
995
23
738
544
81
102
185
390
697
535
711
269
622
707
598
292
682
832
47
388
254
307
922
721
180
196
774
103
407
282
708
790
614
876
967
281
68
434
343
124
836
939
31
277
563
648
971
485
214
65
934
70
806
438
963
430
985
897
82
973
971
106
565
604
997
723
739
430
628
318
565
115
861
555
632
755
216
774
290
952
818
1
792
47
296
358
535
321
544
999
586
124
986
993
292
319
512
654
750
631
106
146
491
331
988
393
145
390
868
415
531
726
751
992
149
321
915
217
608
984
882
926
903
758
205
110
273
674
607
587
432
474
772
831
416
683
746
60
476
199
735
114
254
783
115
526
341
145
247
152
500
347
798
470
225
169
75
608
243
347
971
44
952
186
60
731
221
420
743
995
495
918
194
630
674
970
24
619
136
338
109
748
652
51
405
952
408
605
436
321
132
122
676
608
751
405
98
655
138
269
825
704
115
842
852
637
592
544
670
192
342
969
172
267
624
72
357
58
579
107
825
832
146
960
264
695
701
100
940
628
287
527
226
58
216
292
941
94
928
632
788
691
966
137
876
495
96
329
160
309
372
274
241
405
918
461
665
553
482
30
340
353
676
434
185
457
646
75
157
105
258
539
658
165
825
960
750
126
868
383
790
594
153
196
76
519
663
96
814
566
973
444
674
821
897
637
487
973
757
96
125
526
974
976
408
263
631
350
89
842
859
665
373
559
27
214
882
640
487
49
960
646
560
613
316
402
661
120
763
438
172
443
628
661
356
528
407
463
672
940
813
538
574
552
279
526
833
2
212
911
613
842
661
73
129
834
268
983
569
348
421
820
484
531
147
262
803
187
405
79
436
458
771
790
405
523
956
341
917
720
473
228
848
168
256
191
305
194
761
132
805
121
181
383
253
800
321
297
836
584
629
22
682
351
273
926
400
235
626
454
125
784
306
632
657
366
694
944
680
574
652
401
977
182
308
759
847
179
254
718
95
295
148
499
603
860
26
954
423
984
363
912
506
937
742
681
624
946
937
877
117
38
28
22
740
380
377
645
65
924
210
157
572
466
116
856
967
248
195
98
225
705
14
827
149
411
509
616
148
524
488
828
218
49
601
211
408
738
44
103
213
10
614
231
610
718
924
732
974
36
878
334
144
510
740
911
107
695
31
661
55
125
699
6
549
487
315
632
179
921
206
727
865
206
353
2
747
14
581
367
328
304
562
14
706
617
244
476
175
837
893
257
751
717
699
452
487
794
275
701
302
1
142
11
566
72
475
519
29
487
870
369
468
619
432
778
720
183
310
130
647
140
606
754
765
603
927
804
304
968
744
210
217
689
372
749
596
422
725
743
465
684
351
106
876
341
134
714
185
475
498
849
557
701
610
258
513
800
367
232
848
729
451
7
947
106
265
795
739
99
238
616
111
19
968
386
230
855
710
823
919
699
449
441
207
335
810
87
763
891
316
807
166
358
282
85
870
243
196
911
282
197
382
836
678
85
370
242
179
801
128
623
624
703
578
546
334
955
733
243
634
941
149
896
812
390
287
418
16
36
925
384
714
373
918
10
0
113
356
376
411
378
818
547
357
440
150
868
481
192
371
709
904
117
250
469
72
618
746
200
234
759
917
101
563
306
301
729
259
207
967
789
581
507
606
548
62
38
435
248
626
239
413
685
931
228
83
325
739
162
329
837
28
394
787
320
325
397
147
499
760
417
553
81
618
668
12
488
571
568
788
820
15
776
937
50
196
26
425
96
573
93
638
419
22
797
623
824
0
373
537
879
159
660
316
917
651
364
250
449
996
671
102
322
169
506
954
438
67
598
363
14
837
580
969
784
191
697
361
765
324
219
709
805
0
731
696
327
310
123
930
726
176
930
355
552
40
229
701
160
263
745
226
143
69
742
544
686
864
534
250
663
0
174
834
965
946
132
747
409
499
962
124
599
232
338
529
680
852
395
44
976
858
138
493
611
3
796
749
164
257
315
313
798
773
39
237
727
783
471
535
90
92
225
62
795
708
990
459
704
101
849
310
166
346
322
116
914
648
677
663
866
474
760
655
355
355
870
480
211
877
765
972
665
927
743
674
956
964
695
518
690
946
394
220
923
504
16
663
612
980
114
63
496
435
463
923
580
194
210
746
985
253
670
208
728
118
605
47
777
784
597
860
301
124
84
956
653
68
349
943
866
478
91
116
670
716
654
541
786
474
932
451
298
519
249
781
238
47
226
966
330
535
783
485
801
571
71
400
749
822
320
147
898
360
919
454
452
244
509
549
653
882
163
636
380
170
975
234
451
531
511
373
439
939
213
167
749
727
460
56
283
437
338
707
301
344
863
869
658
68
541
764
694
379
288
572
448
592
959
424
527
657
156
679
376
370
488
996
75
232
683
890
544
706
987
368
964
887
746
82
784
356
973
777
715
357
482
924
631
983
954
982
618
251
576
913
398
789
384
371
306
301
659
800
570
309
954
721
141
949
417
508
78
396
598
260
662
248
178
50
807
432
120
924
548
639
283
877
439
811
85
237
499
815
101
610
315
510
336
366
690
690
747
492
165
828
688
198
541
684
368
240
306
915
256
970
205
118
46
690
652
870
110
80
844
694
976
302
945
693
404
752
994
77
865
768
491
179
618
886
962
104
763
478
902
759
570
993
5
256
353
8
174
52
459
6
134
58
45
94
382
130
71
566
340
512
459
306
113
330
173
628
828
613
403
370
589
414
911
336
268
357
19
576
587
798
469
823
921
835
323
826
225
212
120
880
778
665
936
234
376
281
776
344
179
124
49
526
342
678
535
959
147
692
885
369
157
436
652
490
429
616
387
800
522
916
744
7
27
945
32
838
534
384
28
195
351
979
21
177
817
240
337
831
88
39
278
291
666
110
159
439
411
35
765
714
304
106
79
338
567
496
973
872
829
415
633
724
815
330
663
788
422
140
622
999
140
676
87
175
812
388
550
486
985
226
80
495
53
766
828
345
14
733
4
480
948
198
6
948
573
763
573
214
708
306
334
592
720
620
456
12
273
421
27
688
337
758
444
464
464
0
408
740
280
274
936
268
562
444
131
730
225
900
146
239
749
481
824
976
539
623
16
722
179
250
196
180
249
775
763
868
217
263
874
620
413
5
294
774
257
522
705
14
505
566
260
343
297
370
316
369
908
172
264
690
409
267
537
178
339
316
194
419
904
900
387
552
757
551
401
925
904
616
296
216
910
857
123
935
86
190
979
298
973
797
111
458
987
216
707
138
54
767
156
221
101
839
818
489
256
504
903
882
751
798
647
905
840
837
665
350
301
347
317
300
245
688
102
733
689
265
2
901
442
406
391
75
137
664
144
389
687
727
632
428
566
259
839
656
223
610
603
853
342
833
545
294
995
846
196
680
507
629
125
779
614
322
131
708
714
311
749
526
656
822
750
811
565
81
663
822
124
711
452
866
57
530
984
672
937
471
450
397
113
182
652
234
284
571
633
544
593
67
424
716
372
123
670
975
412
390
784
601
901
717
745
47
511
900
897
675
774
803
175
603
163
914
336
668
763
712
409
400
911
342
601
853
876
703
602
489
987
507
274
739
284
636
741
676
750
64
885
85
346
513
708
18
297
170
569
400
891
43
298
555
554
198
121
147
270
906
778
920
386
336
844
524
63
52
790
727
736
958
491
1
325
546
641
523
300
413
383
991
180
826
861
449
396
516
696
46
28
44
150
461
154
900
846
322
632
981
964
642
947
710
668
60
447
351
357
157
242
229
217
311
902
598
449
219
219
63
981
148
685
396
765
998
817
345
42
279
445
942
896
485
777
496
704
216
49
110
265
889
340
552
151
778
466
399
439
928
793
497
737
759
376
284
391
349
352
933
597
850
328
961
706
550
601
147
598
732
833
975
28
381
563
743
906
424
342
701
998
32
101
56
900
567
303
762
357
794
952
281
322
572
168
28
73
527
10
849
991
648
264
372
871
995
325
442
146
984
835
551
551
988
574
101
277
34
33
87
247
467
255
125
663
988
685
176
166
799
46
136
394
853
711
459
969
483
260
481
638
114
850
430
778
107
862
648
620
402
198
786
668
274
351
857
476
490
199
868
712
911
964
969
960
242
604
133
131
59
446
276
558
174
353
323
150
933
596
529
786
526
30
661
253
207
847
916
26
479
862
842
928
638
468
355
784
559
208
26
813
333
949
594
724
373
682
715
164
171
320
464
39
503
825
174
657
24
494
935
449
969
658
336
589
612
246
960
835
93
620
506
102
608
280
860
126
998
235
65
339
683
98
60
50
275
479
367
793
111
566
594
56
754
171
559
192
466
202
798
489
139
535
981
807
653
631
850
628
577
246
868
220
567
138
279
900
333
720
478
900
547
478
997
31
402
49
991
561
454
152
542
225
609
712
290
759
627
482
924
503
23
314
51
374
311
168
663
540
474
876
483
171
341
166
832
736
560
772
312
775
298
432
144
3
424
513
546
815
618
689
98
430
486
566
583
626
562
597
180
99
508
340
96
126
428
246
907
168
188
957
242
171
646
58
284
353
119
665
366
622
643
860
507
963
433
36
400
591
200
47
384
809
626
870
836
540
904
550
149
202
558
746
700
644
305
263
922
512
470
656
331
85
180
587
641
595
173
283
942
910
497
359
946
381
260
755
118
678
865
894
375
652
719
884
879
811
11
725
673
59
101
878
764
899
871
374
338
160
796
3
617
247
190
590
657
327
923
188
167
899
496
774
753
438
30
484
939
615
196
342
274
280
645
787
256
249
748
709
95
202
933
420
872
521
638
474
430
873
438
655
943
284
212
903
803
657
931
952
312
489
989
760
813
335
581
903
366
647
842
64
223
369
529
894
589
445
665
269
529
880
637
478
374
704
357
207
165
813
871
66
630
657
677
541
730
257
702
882
159
324
809
56
228
483
606
849
454
986
792
373
874
855
505
344
123
288
204
831
134
513
913
897
564
598
940
227
889
22
807
908
203
305
769
355
892
243
199
309
820
905
698
940
968
939
961
4
663
955
184
136
823
542
361
652
756
816
458
44
201
709
776
533
266
637
3
10
424
751
185
363
614
217
991
337
669
455
77
276
363
882
426
160
233
859
368
69
812
377
304
967
3
343
801
142
155
929
718
822
384
288
222
465
198
499
976
611
255
825
165
111
397
805
984
465
249
529
628
787
149
830
478
419
216
51
387
717
416
740
818
37
452
237
45
600
434
279
580
28
55
417
618
757
677
179
844
985
578
792
152
974
847
754
906
506
877
906
45
308
23
959
136
889
428
158
166
657
459
948
499
835
821
705
907
830
853
789
917
714
115
759
489
398
793
515
214
851
917
83
903
793
529
730
895
289
463
253
178
818
609
851
53
496
656
870
513
242
539
906
44
19
803
718
969
195
76
737
953
990
615
935
98
654
686
220
551
365
830
128
448
869
260
123
491
387
18
434
995
273
857
827
528
787
475
830
303
797
289
69
604
443
602
453
845
201
981
853
720
996
689
263
192
425
451
693
756
404
713
325
457
35
197
640
529
356
851
431
907
4
526
951
37
178
399
39
904
348
408
383
179
440
552
83
403
933
568
512
721
355
974
183
83
704
919
688
208
973
3
496
350
913
851
78
359
380
646
962
348
70
461
511
167
8
51
883
847
443
657
21
184
801
617
446
66
825
121
107
116
942
354
642
439
986
370
170
599
447
103
672
792
942
605
504
85
924
937
833
679
66
807
451
875
212
41
269
213
4
401
522
269
175
986
124
295
520
849
973
415
228
113
25
164
374
808
416
492
860
548
274
520
746
538
595
450
581
72
442
572
682
97
885
539
872
793
375
884
644
634
21
462
556
678
213
936
837
773
791
948
240
642
728
844
563
945
965
492
581
884
398
808
668
279
635
335
146
96
699
416
316
499
106
788
709
380
906
429
939
478
966
333
401
564
819
434
125
790
96
281
330
6
976
592
64
292
469
152
859
263
807
715
330
724
45
602
648
460
115
202
816
329
301
832
197
777
579
851
408
639
621
489
934
86
889
908
576
447
642
950
556
621
587
611
844
631
909
343
622
742
790
664
740
543
411
948
629
867
446
966
452
725
587
789
175
124
792
821
507
26
435
386
765
12
33
250
548
203
99
75
254
169
755
997
280
536
705
417
218
536
503
731
665
624
907
939
359
543
446
170
224
115
616
43
927
234
542
624
265
231
735
863
919
343
476
236
138
228
614
440
162
842
4
106
520
808
980
470
932
585
18
875
465
467
744
130
768
136
693
731
651
708
728
858
211
910
822
418
779
43
827
304
879
726
310
668
551
788
463
995
864
608
621
633
261
410
939
853
162
222
164
653
657
666
15
980
937
711
844
665
340
372
591
65
767
255
956
232
199
582
804
668
266
861
935
987
244
936
275
582
731
116
347
245
373
801
555
773
585
634
459
640
715
112
107
404
372
76
118
462
665
404
242
728
770
176
119
489
414
309
381
76
549
25
971
444
950
384
333
478
859
991
462
319
706
663
439
696
524
492
614
567
515
743
506
880
456
808
669
3
67
832
452
96
135
814
940
728
836
121
357
262
215
445
355
991
871
393
602
13
737
392
202
66
687
823
883
523
852
599
491
242
331
706
629
489
225
164
797
892
151
986
658
990
789
246
746
487
444
942
940
356
202
321
978
255
643
371
382
985
934
971
198
157
470
707
387
871
770
944
262
37
776
460
524
917
397
296
884
183
415
917
750
116
399
404
215
279
449
316
338
218
430
773
977
317
508
579
684
483
708
77
161
45
725
222
36
531
375
852
961
535
914
431
192
149
184
124
360
521
304
395
576
175
980
437
186
64
142
266
808
27
886
138
491
875
311
226
298
944
507
290
272
776
132
564
610
239
933
383
199
517
936
774
480
967
745
283
593
520
594
519
233
370
672
54
663
31
447
158
437
501
490
337
522
218
325
436
210
331
702
671
457
507
673
893
153
99
27
214
375
421
921
292
292
533
579
874
955
330
411
212
606
169
538
379
358
715
653
367
387
832
763
826
272
348
443
930
27
305
651
559
580
509
548
39
275
774
869
766
55
131
12
546
445
148
548
614
997
437
804
180
859
543
372
345
884
671
6
564
791
483
354
927
895
610
729
721
566
972
791
250
292
874
195
825
920
799
401
667
367
327
298
973
603
727
466
307
477
189
186
674
621
689
622
651
721
324
786
265
733
239
737
502
938
8
199
216
258
641
655
210
267
177
791
272
154
40
195
914
337
157
943
949
20
673
625
582
25
97
638
337
207
312
852
513
600
828
399
857
169
658
856
106
905
556
467
878
232
834
696
252
699
375
765
277
981
885
514
991
720
387
804
407
140
926
262
164
63
174
469
154
694
227
227
37
130
343
878
630
191
158
786
763
897
955
276
513
520
932
656
269
125
730
102
844
709
673
8
992
286
431
144
484
360
955
512
569
966
731
177
266
332
987
31
236
212
322
629
91
212
583
333
161
665
972
715
592
650
610
883
578
566
526
832
959
720
306
366
855
772
686
578
96
754
689
145
890
27
443
878
337
353
837
344
531
708
739
659
27
418
488
590
933
142
235
933
963
117
513
663
239
621
26
363
634
575
865
894
988
670
830
608
388
32
86
401
595
493
502
782
565
30
219
352
648
895
110
983
847
152
894
490
345
456
343
946
894
939
737
656
217
575
76
772
580
897
651
968
457
669
742
532
821
525
644
307
202
113
480
350
469
448
540
919
452
862
539
809
628
783
532
94
314
348
84
153
289
83
314
957
572
523
17
653
684
200
530
574
428
723
288
466
419
190
392
702
497
599
64
726
862
763
327
552
976
237
766
366
91
751
486
728
285
984
201
257
10
142
573
489
278
758
255
131
26
282
628
575
465
530
214
147
282
630
436
822
176
899
651
93
297
84
804
625
60
923
942
288
695
928
934
836
824
729
875
977
890
419
47
186
994
232
755
279
922
857
562
448
317
861
738
149
28
291
302
904
177
317
735
291
299
230
395
615
257
253
494
164
578
858
449
472
844
616
841
930
244
939
874
886
381
829
179
646
68
140
475
110
108
317
316
104
957
903
207
42
891
585
0
525
628
806
27
279
361
539
399
43
449
933
699
344
10
144
366
295
241
350
979
161
604
180
37
705
471
132
311
13
388
390
56
186
382
800
132
904
543
728
670
324
8
151
61
710
658
792
772
642
339
737
399
266
379
338
795
596
447
356
45
944
533
508
942
573
849
399
813
396
743
552
901
380
131
160
376
856
438
165
644
62
657
70
14
546
959
166
261
419
462
808
440
163
998
114
410
780
613
420
580
249
434
554
724
347
760
320
525
102
45
63
79
531
996
981
496
103
225
609
419
876
59
975
456
214
806
96
596
665
153
935
339
409
669
687
11
266
808
17
83
985
601
156
180
90
357
517
982
723
712
322
334
273
824
370
982
626
103
216
877
451
295
807
153
266
699
239
483
935
227
888
250
255
272
295
899
145
777
359
535
941
310
298
613
976
771
296
601
141
151
639
245
961
525
460
87
734
818
209
867
291
937
136
691
113
652
198
732
401
267
371
147
972
257
241
640
187
725
778
289
649
799
640
930
317
604
271
60
100
212
470
740
334
593
678
765
976
914
761
952
930
570
976
971
786
683
726
415
241
942
704
255
92
319
201
782
774
28
176
224
940
183
69
220
433
589
997
224
474
357
986
910
637
469
390
622
494
65
969
411
2
486
377
330
560
567
178
656
116
565
903
356
510
156
391
973
250
355
595
517
689
164
582
502
256
413
318
340
728
542
595
483
702
317
734
578
123
750
68
721
263
182
434
999
746
442
763
207
283
988
232
787
684
102
368
705
821
890
24
365
800
297
636
728
637
506
894
456
71
501
6
992
199
353
12
17
104
403
690
976
930
160
229
570
971
596
333
502
34
892
259
330
238
937
227
857
703
22
538
115
371
501
74
493
508
52
435
810
720
357
244
346
585
974
858
635
741
887
808
493
361
610
568
26
554
424
217
590
164
105
138
635
511
83
685
560
70
992
223
867
178
905
976
460
543
40
254
373
476
404
367
519
865
278
518
710
940
836
557
959
45
267
421
25
123
474
970
610
901
389
994
675
814
839
542
7
163
236
738
408
31
862
386
499
745
326
934
564
572
837
608
77
272
220
371
451
359
945
158
66
82
658
313
115
108
767
240
754
871
643
725
988
782
931
722
201
963
691
200
167
75
749
906
831
70
179
765
316
283
959
892
200
523
257
311
993
828
417
307
477
994
613
120
594
785
797
567
633
382
581
187
92
519
11
90
189
32
633
403
641
943
565
450
829
970
376
137
815
655
172
322
33
852
234
851
97
312
602
288
884
162
171
791
773
961
646
976
896
44
270
108
916
603
395
56
80
765
176
970
781
251
1
571
357
669
561
637
66
620
75
662
353
295
607
470
105
674
567
21
775
132
282
729
788
743
273
271
89
854
553
240
713
962
992
214
393
733
691
686
763
643
527
104
985
141
303
165
912
608
574
321
426
846
365
369
601
524
71
831
609
707
443
171
669
114
121
284
165
164
689
535
846
534
696
671
35
124
948
847
947
469
283
148
298
644
719
157
628
320
316
647
399
702
749
12
97
21
948
989
10
450
816
672
667
430
132
59
303
501
894
273
657
871
965
412
846
741
743
549
300
28
889
968
67
278
576
499
675
906
920
944
39
840
915
912
41
913
45
139
669
894
533
998
882
416
14
900
374
488
110
952
977
689
559
521
998
170
836
695
709
976
838
637
212
20
257
96
640
249
760
423
790
456
528
524
158
455
404
802
195
71
996
334
252
557
675
603
887
484
409
153
198
425
927
734
498
671
849
552
904
220
424
65
633
244
209
683
486
716
0
486
468
505
777
921
340
642
480
453
974
691
143
216
839
356
688
769
712
610
740
167
129
292
836
854
246
840
478
100
257
983
786
425
897
638
868
726
153
863
565
184
811
559
158
717
255
625
52
686
678
715
946
85
308
375
915
761
918
430
904
119
24
416
633
803
962
382
887
792
532
891
177
852
263
920
309
47
230
768
298
838
301
4
219
707
665
599
702
623
88
332
862
643
338
927
463
139
224
17
720
413
12
616
381
616
505
510
421
623
476
73
57
216
564
483
47
225
278
75
590
691
900
628
698
833
607
644
386
362
554
423
992
909
57
69
129
45
490
826
358
117
938
508
386
221
459
602
421
622
461
363
320
619
883
533
722
872
703
911
331
343
369
9
295
393
755
570
261
114
481
34
952
224
415
489
389
125
59
568
838
371
917
703
295
703
572
326
520
737
195
984
882
59
859
85
261
233
963
351
968
440
590
295
234
665
172
185
58
375
979
957
762
735
583
623
498
112
815
889
642
660
42
639
974
126
834
724
721
588
160
396
796
814
401
905
814
951
168
674
272
60
915
176
161
771
250
27
800
726
773
933
680
896
669
333
897
871
110
903
12
874
523
601
407
365
651
529
962
851
523
557
265
907
572
467
507
254
942
339
194
528
684
234
660
725
890
736
825
191
813
660
974
301
387
614
354
701
547
589
991
156
517
347
155
821
268
669
239
289
379
663
256
375
31
704
644
453
755
970
287
693
153
101
415
794
784
763
541
997
145
647
181
915
431
770
879
810
565
687
303
468
138
552
218
602
907
551
898
173
936
905
699
857
346
696
415
148
442
129
759
373
46
862
84
504
632
308
29
57
639
255
145
174
562
76
431
114
954
815
956
240
567
95
293
805
222
983
22
337
250
702
386
359
161
921
219
18
720
351
84
154
905
246
414
816
851
452
296
991
587
136
859
259
714
538
260
63
87
97
787
665
23
459
684
352
178
882
75
113
991
277
342
566
627
292
566
57
670
417
942
256
534
755
78
401
601
220
306
567
396
237
767
461
505
593
270
163
401
168
949
935
366
909
985
933
149
697
256
122
378
849
7
501
604
206
663
88
146
340
325
126
846
973
218
541
137
510
648
237
607
499
566
417
997
55
318
766
288
758
877
954
727
918
555
264
380
162
92
0
967
546
798
724
444
936
436
512
518
68
442
201
955
658
929
522
194
970
533
754
243
441
94
58
166
934
772
486
526
360
582
379
303
934
93
984
510
358
684
775
944
570
859
781
846
335
5
232
431
360
406
689
222
244
769
962
838
195
424
986
251
598
389
950
627
584
161
938
677
767
964
217
640
71
996
649
295
746
801
555
643
680
600
74
282
261
806
449
47
980
169
753
306
278
737
235
570
24
612
724
887
595
546
287
989
773
70
351
558
473
526
524
927
530
133
749
718
958
311
96
258
17
549
886
523
167
586
546
460
766
404
187
862
802
671
920
71
931
414
68
507
165
124
195
305
263
139
499
442
326
427
734
933
714
924
423
743
560
399
915
785
234
82
50
402
949
547
613
662
177
719
163
255
838
579
879
500
981
875
748
375
260
729
220
627
231
80
276
421
891
609
700
962
372
614
135
82
962
957
582
931
127
560
633
529
36
307
448
389
397
717
23
52
418
602
969
889
408
616
534
253
655
920
520
334
804
784
746
558
66
815
138
509
381
864
121
602
208
763
496
782
47
928
565
481
127
862
350
433
837
19
389
552
180
772
245
709
835
799
524
798
86
375
546
189
755
912
905
984
96
372
941
950
76
590
485
54
707
596
826
130
22
666
976
404
394
573
772
288
55
684
517
315
676
326
397
690
209
408
441
341
278
62
191
325
682
437
536
404
382
398
350
549
219
749
304
444
57
770
556
734
202
352
716
396
94
628
540
428
760
336
58
577
696
497
447
732
443
558
109
10
208
58
130
952
596
652
788
381
993
244
541
335
994
832
218
945
426
209
310
979
798
640
492
906
592
77
164
226
453
929
773
665
537
177
469
997
610
806
485
705
394
915
465
612
369
511
758
339
826
500
140
616
236
311
886
626
572
705
359
23
490
877
504
400
89
19
88
36
91
300
859
215
516
671
550
244
477
892
249
105
813
439
413
538
667
998
25
808
78
23
768
36
312
84
613
631
649
656
570
115
624
807
245
559
215
672
116
839
152
134
242
243
202
160
75
105
665
934
332
605
845
405
686
568
129
116
125
782
135
360
988
212
778
421
691
626
180
510
436
934
209
214
698
833
947
376
91
142
720
4
640
944
281
500
434
619
596
894
935
822
228
674
669
695
31
286
583
151
697
584
574
528
448
996
217
804
295
695
687
864
606
451
188
601
18
155
819
653
353
994
348
334
745
111
270
162
849
204
710
646
584
495
385
245
581
696
270
323
862
764
879
719
245
98
857
361
128
492
978
527
488
40
539
142
100
687
399
607
679
93
811
704
559
347
749
405
304
186
274
407
560
737
706
244
308
192
167
318
443
597
535
24
305
847
629
383
471
922
991
950
881
995
187
692
408
748
803
561
529
921
284
847
669
732
697
510
146
566
277
418
163
831
137
625
556
48
610
808
472
535
239
573
566
532
625
594
977
41
707
352
152
478
461
515
533
374
940
213
329
172
524
613
88
290
456
737
745
164
345
409
481
56
590
22
296
984
11
867
484
308
645
187
213
553
908
59
865
23
314
977
176
82
883
934
82
270
725
696
520
65
643
491
473
675
820
0
78
985
641
814
208
363
592
97
504
730
370
976
439
774
651
355
919
487
971
189
842
107
128
998
49
511
951
436
24
161
659
676
904
518
452
51
29
527
780
810
801
177
230
769
96
229
880
362
6
933
811
266
662
872
176
604
181
616
590
175
310
946
393
144
446
686
556
739
659
856
466
982
561
949
281
22
813
722
417
407
869
850
300
366
671
374
406
633
746
610
287
945
35
502
334
127
128
250
168
581
874
909
698
966
454
224
955
632
860
94
933
593
156
791
278
232
598
389
842
901
257
847
715
764
575
36
587
342
55
554
449
593
818
984
11
273
601
760
323
270
111
153
429
952
196
892
688
384
465
733
66
617
211
565
113
727
298
726
976
671
545
62
430
871
467
111
734
343
875
742
634
688
36
979
392
444
531
712
418
959
666
654
153
220
319
52
434
11
244
786
884
385
367
589
784
520
629
59
754
545
291
401
7
183
405
387
567
958
690
93
461
564
424
207
501
774
972
326
502
262
213
865
488
988
810
608
127
491
408
868
912
710
152
163
971
362
353
163
258
77
418
833
217
959
562
650
463
808
548
145
548
282
909
650
683
377
304
176
410
512
812
778
607
830
676
498
461
377
615
593
792
545
601
549
262
377
202
741
718
777
638
231
445
111
332
567
694
143
267
235
529
624
146
300
800
289
294
304
286
693
225
702
217
267
185
977
810
664
831
977
203
833
281
886
472
868
315
238
464
574
561
81
22
410
544
451
403
936
422
291
198
317
582
553
679
146
256
741
184
911
769
357
877
753
735
535
550
217
288
328
266
351
572
900
294
303
743
448
655
83
155
595
284
337
150
876
39
942
656
816
646
819
400
851
725
543
471
185
238
134
285
237
860
617
58
458
700
741
80
9
284
896
575
170
577
617
225
205
956
880
136
299
868
870
476
697
986
374
409
270
273
140
400
565
797
908
533
413
461
246
186
894
580
777
209
622
516
334
239
46
876
111
200
639
396
87
813
872
693
339
685
572
263
834
795
720
885
993
492
307
676
113
60
65
316
285
802
377
646
743
384
869
735
715
799
169
411
574
827
88
670
464
651
460
223
360
533
309
958
262
111
732
151
719
536
448
295
676
544
281
686
109
757
187
494
700
335
348
507
748
999
25
228
236
876
190
577
870
205
678
637
574
14
242
30
751
509
12
643
367
380
767
997
542
980
711
441
235
959
983
452
32
175
403
704
767
374
906
623
901
5
673
805
710
577
204
634
673
242
693
440
701
166
154
115
700
814
427
583
719
503
1
118
699
268
909
993
634
610
336
598
996
724
414
132
616
856
569
459
798
833
931
95
487
743
116
911
15
84
285
720
177
247
219
552
795
23
201
480
572
800
95
81
12
986
455
778
699
891
482
336
677
673
670
736
155
165
675
737
765
444
742
910
96
456
269
210
450
782
973
340
782
841
152
357
348
711
155
232
759
402
903
810
478
522
285
50
371
937
512
514
8
384
758
998
124
840
975
421
336
955
889
774
854
843
363
821
716
723
305
702
293
94
680
760
145
740
730
518
959
780
659
874
112
758
261
859
605
328
209
153
667
84
351
470
78
136
168
39
908
374
970
955
492
885
12
779
935
752
387
107
901
861
732
320
755
720
682
387
44
833
730
85
741
243
494
443
437
263
663
452
493
152
718
247
941
144
988
563
879
812
145
810
647
99
770
997
395
253
958
734
408
177
956
698
630
871
725
965
308
215
295
907
350
74
85
396
686
688
281
215
626
9
163
410
805
328
399
457
335
244
762
845
289
